Position	Time	Type
1787	3000	13	8.935
1946	3315	1	0.795
2100	3592	1	0.770
2268	3895	1	0.840
2439	4203	1	0.855
2603	4492	1	0.820
2769	4788	1	0.830
2933	5083	1	0.820
3092	5378	1	0.795
3252	5666	1	0.800
3410	5950	1	0.790
3575	6247	1	0.825
3748	6559	1	0.865
3913	6856	1	0.825
4070	7138	1	0.785
4229	7425	1	0.795
4383	7702	1	0.770
4540	7984	1	0.785
4703	8278	1	0.815
4866	8571	1	0.815
5032	8861	1	0.830
5201	9165	1	0.845
5362	9455	1	0.805
5517	9734	1	0.775
5676	10020	1	0.795
5835	10306	1	0.795
6006	10614	1	0.855
6175	10918	1	0.845
6340	11215	1	0.825
6500	11503	1	0.800
6667	11804	1	0.835
6825	12088	1	0.790
6983	12373	1	0.790
7147	12668	1	0.820
7316	12972	1	0.845
7492	13291	1	0.880
7657	13588	1	0.825
7812	13867	1	0.775
7973	14157	1	0.805
8135	14448	1	0.810
8295	14736	1	0.800
8462	15037	1	0.835
8628	15336	1	0.830
8793	15633	1	0.825
8955	15924	1	0.810
9113	16209	1	0.790
9269	16489	1	0.780
9431	16781	1	0.810
9599	17083	1	0.840
9766	17384	1	0.835
9932	17685	1	0.830
10092	17973	1	0.800
10248	18253	1	0.780
10407	18538	1	0.795
10564	18819	1	0.785
10722	19103	1	0.790
10893	19411	1	0.855
11063	19717	1	0.850
11227	20012	1	0.820
11384	20295	1	0.785
11541	20577	1	0.785
11698	20860	1	0.785
11862	21155	1	0.820
12024	21447	1	0.810
12194	21753	1	0.850
12361	22053	1	0.835
12523	22345	1	0.810
12679	22626	1	0.780
12834	22905	1	0.775
12991	23187	1	0.785
13152	23479	1	0.805
13320	23781	1	0.840
13485	24078	1	0.825
13647	24370	1	0.810
13803	24651	1	0.780
13963	24939	1	0.800
14121	25223	1	0.790
14281	25511	1	0.800
14445	25806	1	0.820
14616	26114	1	0.855
14781	26411	1	0.825
14939	26695	1	0.790
15096	26978	1	0.785
15254	27262	1	0.790
15420	27561	1	0.830
15586	27860	1	0.830
15751	28157	1	0.825
15917	28456	1	0.830
16081	28751	1	0.820
16241	29039	1	0.800
16397	29320	1	0.780
16556	29606	1	0.795
16719	29899	1	0.815
16890	30207	1	0.855
17059	30511	1	0.845
17222	30805	1	0.815
17380	31089	1	0.790
17538	31374	1	0.790
17697	31660	1	0.795
17860	31953	1	0.815
18025	32250	1	0.825
18194	32554	1	0.845
18365	32862	1	0.855
18526	33152	1	0.805
18679	33427	1	0.765
18840	33719	1	0.805
19000	34007	1	0.800
19163	34299	1	0.815
19331	34601	1	0.840
19494	34894	1	0.815
19660	35193	1	0.830
19820	35481	1	0.800
19976	35762	1	0.780
20131	36041	1	0.775
20294	36334	1	0.815
20458	36630	1	0.820
20631	36941	1	0.865
20797	37240	1	0.830
20955	37524	1	0.790
21112	37807	1	0.785
21273	38097	1	0.805
21431	38381	1	0.790
21595	38676	1	0.820
21761	38975	1	0.830
21929	39277	1	0.840
22093	39573	1	0.820
22247	39850	1	0.770
22398	40122	1	0.755
22556	40406	1	0.790
22721	40703	1	0.825
22883	40995	1	0.810
23051	41297	1	0.840
23215	41592	1	0.820
23372	41882	1	0.785
23521	42143	1	0.745
23687	42444	1	0.830
23843	42724	1	0.780
24009	43023	1	0.830
24182	43335	1	0.865
24346	43628	1	0.820
24507	43920	1	0.805
24662	44199	1	0.775
24820	44483	1	0.790
24979	44769	1	0.795
25139	45057	1	0.800
25302	45349	1	0.815
25471	45653	1	0.845
25636	45952	1	0.825
25791	46236	1	0.775
25944	46512	1	0.765
26100	46792	1	0.780
26254	47070	1	0.770
26419	47367	1	0.825
26585	47660	1	0.830
26744	47952	1	0.795
26901	48234	1	0.785
27059	48519	1	0.790
27214	48798	1	0.775
27367	49066	1	0.765
27524	49348	1	0.785
27688	49644	1	0.820
27857	49948	1	0.845
28019	50239	1	0.810
28173	50517	1	0.770
28328	50796	1	0.775
28486	51080	1	0.790
28644	51364	1	0.790
28803	51651	1	0.795
28967	51946	1	0.820
29131	52241	1	0.820
29292	52531	1	0.805
29447	52810	1	0.775
29601	53087	1	0.770
29756	53366	1	0.775
29917	53656	1	0.805
30079	53947	1	0.810
30244	54244	1	0.825
30404	54534	1	0.800
30558	54811	1	0.770
30713	55090	1	0.775
30868	55375	1	0.775
31026	55652	1	0.790
31182	55933	1	0.780
31349	56233	1	0.835
31512	56527	1	0.815
31670	56813	1	0.790
31820	57081	1	0.750
31974	57358	1	0.770
32131	57641	1	0.785
32290	57927	1	0.795
32451	58224	1	0.805
32617	58523	1	0.830
32782	58820	1	0.825
32943	59104	1	0.805
33097	59380	1	0.770
33251	59657	1	0.770
33411	59945	1	0.800
33575	60240	1	0.820
33742	60548	1	0.835
33910	60850	1	0.840
34070	61131	1	0.800
34229	61417	1	0.795
34389	61705	1	0.800
34547	61990	1	0.790
34704	62272	1	0.785
34871	62573	1	0.835
35040	62877	1	0.845
35208	63180	1	0.840
35366	63466	1	0.790
35517	63736	1	0.755
35677	64024	1	0.800
35838	64314	1	0.805
36001	64607	1	0.815
36164	64900	1	0.815
36330	65199	1	0.830
36491	65489	1	0.805
36650	65775	1	0.795
36806	66056	1	0.780
36959	66331	1	0.765
37125	66630	1	0.830
37229	66817	1	0.520
37417	67156	1	0.940
37586	67460	1	0.845
37749	67753	1	0.815
37904	68032	1	0.775
38068	68328	1	0.820
38230	68619	1	0.810
38392	68911	1	0.810
38561	69217	1	0.845
38736	69532	1	0.875
38897	69820	1	0.805
39052	70099	1	0.775
39209	70381	1	0.785
39368	70668	1	0.795
39534	70966	1	0.830
39700	71265	1	0.830
39866	71564	1	0.830
40036	71870	1	0.850
40199	72163	1	0.815
40354	72442	1	0.775
40513	72729	1	0.795
40677	73024	1	0.820
40845	73326	1	0.840
41017	73636	1	0.860
41184	73936	1	0.835
41342	74221	1	0.790
41502	74509	1	0.800
41659	74791	1	0.785
41781	75011	1	0.610
41974	75358	1	0.965
42140	75657	1	0.830
42308	75967	1	0.840
42474	76266	1	0.830
42631	76548	1	0.785
42781	76818	1	0.750
42941	77106	1	0.800
43104	77400	1	0.815
43269	77697	1	0.825
43430	77979	1	0.805
43595	78283	1	0.825
43755	78564	1	0.800
43914	78850	1	0.795
44066	79124	1	0.760
44226	79412	1	0.800
44394	79714	1	0.840
44562	80017	1	0.840
44728	80316	1	0.830
44891	80609	1	0.815
45049	80893	1	0.790
45207	81178	1	0.790
45366	81464	1	0.795
45528	81763	1	0.810
45695	82063	1	0.835
45864	82368	1	0.845
46031	82668	1	0.835
46193	82960	1	0.810
46350	83242	1	0.785
46507	83525	1	0.785
46675	83824	1	0.840
46846	84128	1	0.855
47015	84432	1	0.845
47183	84735	1	0.840
47350	85035	1	0.835
47512	85327	1	0.810
47667	85606	1	0.775
47828	85899	1	0.805
47995	86200	1	0.835
48166	86508	1	0.855
48333	86805	1	0.835
48500	87105	1	0.835
48658	87390	1	0.790
48818	87678	1	0.800
48978	87966	1	0.800
49140	88257	1	0.810
49306	88558	1	0.830
49474	88860	1	0.840
49642	89163	1	0.840
49801	89449	1	0.795
49957	89735	1	0.780
50115	90014	1	0.790
50281	90313	1	0.830
50450	90617	1	0.845
50614	90912	1	0.820
50783	91216	1	0.845
50945	91508	1	0.810
51101	91789	1	0.780
51259	92073	1	0.790
51421	92365	1	0.810
51585	92658	1	0.820
51758	92970	1	0.865
51926	93272	1	0.840
52086	93560	1	0.800
52246	93855	1	0.800
52402	94136	1	0.780
52564	94420	1	0.810
52729	94719	1	0.825
52898	95022	1	0.845
53066	95324	1	0.840
53237	95632	1	0.855
53396	95918	1	0.795
53550	96197	1	0.770
53706	96478	1	0.780
53870	96773	1	0.820
54038	97075	1	0.840
54205	97376	1	0.835
54369	97671	1	0.820
54532	97965	1	0.815
54693	98253	1	0.805
54849	98535	1	0.780
55005	98814	1	0.780
55169	99109	1	0.820
55334	99406	1	0.825
55445	99606	1	0.555
55639	99955	1	0.970
55799	100243	1	0.800
55953	100521	1	0.770
56111	100805	1	0.790
56272	101095	1	0.805
56434	101386	1	0.810
56596	101678	1	0.810
56756	101966	1	0.800
56919	102259	1	0.815
57076	102542	1	0.785
57229	102817	1	0.765
57385	103100	1	0.780
57550	103397	1	0.825
57716	103694	1	0.830
57880	103989	1	0.820
58045	104286	1	0.825
58203	104571	1	0.790
58361	104855	1	0.790
58521	105143	1	0.800
58681	105431	1	0.800
58848	105732	1	0.835
59020	106041	1	0.860
59186	106340	1	0.830
59345	106626	1	0.795
59501	106907	1	0.780
59655	107184	1	0.770
59819	107479	1	0.820
59984	107776	1	0.825
60147	108070	1	0.815
60312	108367	1	0.825
60480	108669	1	0.840
60636	108950	1	0.780
60788	109224	1	0.760
60947	109510	1	0.795
61107	109801	1	0.800
61276	110109	1	0.845
61441	110406	1	0.825
61607	110705	1	0.830
61768	110995	1	0.805
61924	111276	1	0.780
62080	111556	1	0.780
62239	111843	1	0.795
62404	112134	1	0.825
62569	112435	1	0.825
62739	112741	1	0.850
62900	113029	1	0.805
63056	113310	1	0.780
63212	113590	1	0.780
63372	113878	1	0.800
63535	114172	1	0.815
63693	114453	1	0.790
63853	114741	1	0.800
64011	115032	1	0.790
64167	115313	1	0.780
64315	115579	1	0.740
64464	115848	1	0.745
64613	116116	1	0.745
64772	116402	1	0.795
64930	116686	1	0.790
65088	116971	1	0.790
65241	117239	1	0.765
65396	117518	1	0.775
65548	117792	1	0.760
65702	118069	1	0.770
65857	118355	1	0.775
66015	118639	1	0.790
66184	118936	1	0.845
66353	119241	1	0.845
66516	119534	1	0.815
66673	119817	1	0.785
66831	120101	1	0.790
66997	120400	1	0.830
67164	120700	1	0.835
67339	121015	1	0.875
67511	121325	1	0.860
67681	121631	1	0.850
67838	121914	1	0.785
67994	122194	1	0.780
68156	122486	1	0.810
68317	122776	1	0.805
68483	123078	1	0.830
68655	123384	1	0.860
68824	123688	1	0.845
68976	123962	1	0.760
69134	124246	1	0.790
69293	124536	1	0.795
69442	124804	1	0.745
69600	125085	1	0.790
69764	125380	1	0.820
69927	125674	1	0.815
70081	125951	1	0.770
70235	126232	1	0.770
70387	126505	1	0.760
70537	126772	1	0.750
70692	127051	1	0.775
70852	127346	1	0.800
71013	127636	1	0.805
71174	127926	1	0.805
71281	128118	1	0.535
71468	128455	1	0.935
71621	128730	1	0.765
71766	128991	1	0.725
71917	129263	1	0.755
72077	129551	1	0.800
72232	129830	1	0.775
72376	130089	1	0.720
72521	130350	1	0.725
72660	130600	1	0.695
72799	130851	1	0.695
72941	131106	1	0.710
73081	131358	1	0.700
73225	131617	1	0.720
73374	131886	1	0.745
73523	132154	1	0.745
73667	132413	1	0.720
73805	132661	1	0.690
73946	132915	1	0.705
74084	133164	1	0.690
74227	133421	1	0.715
74379	133695	1	0.760
74529	133965	1	0.750
74676	134229	1	0.735
74824	134496	1	0.740
74976	134769	1	0.760
75117	135023	1	0.705
75257	135275	1	0.700
75403	135538	1	0.730
75556	135813	1	0.765
75712	136089	1	0.780
75872	136377	1	0.800
76028	136656	1	0.780
76177	136924	1	0.745
76328	137196	1	0.755
76482	137473	1	0.770
76638	137754	1	0.780
76793	138033	1	0.775
76958	138330	1	0.825
77122	138625	1	0.820
77282	138913	1	0.800
77435	139188	1	0.765
77589	139465	1	0.770
77744	139744	1	0.775
77905	140034	1	0.805
78068	140328	1	0.815
78233	140625	1	0.825
78390	140907	1	0.785
78540	141177	1	0.750
78691	141449	1	0.755
78836	141710	1	0.725
78979	141967	1	0.715
79126	142232	1	0.735
79278	142513	1	0.760
79426	142779	1	0.740
79572	143042	1	0.730
79714	143298	1	0.710
79853	143548	1	0.695
79992	143798	1	0.695
80136	144057	1	0.720
80281	144318	1	0.725
80432	144590	1	0.755
80585	144865	1	0.765
80740	145144	1	0.775
80890	145414	1	0.750
81037	145679	1	0.735
81179	145935	1	0.710
81327	146201	1	0.740
81481	146478	1	0.770
81642	146768	1	0.805
81796	147045	1	0.770
81950	147322	1	0.770
82103	147598	1	0.765
82252	147866	1	0.745
82399	148131	1	0.735
82547	148397	1	0.740
82699	148671	1	0.760
82853	148948	1	0.770
83014	149238	1	0.805
83172	149515	1	0.790
83327	149801	1	0.775
83472	150062	1	0.725
83624	150336	1	0.760
83775	150607	1	0.755
83927	150881	1	0.760
84079	151155	1	0.760
84237	151439	1	0.790
84401	151734	1	0.820
84552	152006	1	0.755
84698	152269	1	0.730
84850	152542	1	0.760
85001	152814	1	0.755
85159	153099	1	0.790
85324	153396	1	0.825
85480	153676	1	0.780
85634	153954	1	0.770
85785	154225	1	0.755
85939	154503	1	0.770
86089	154773	1	0.750
86238	155041	1	0.745
86395	155323	1	0.785
86560	155620	1	0.825
86714	155898	1	0.770
86863	156166	1	0.745
87008	156427	1	0.725
87149	156681	1	0.705
87292	156938	1	0.715
87438	157201	1	0.730
87584	157464	1	0.730
87731	157728	1	0.735
87877	157991	1	0.730
88030	158259	1	0.765
88172	158515	1	0.710
88306	158763	1	0.670
88441	159006	1	0.675
88581	159258	1	0.700
88722	159512	1	0.705
88866	159771	1	0.720
89012	160034	1	0.730
89156	160293	1	0.720
89293	160540	1	0.685
89431	160788	1	0.690
89569	161037	1	0.690
89708	161287	1	0.695
89845	161533	1	0.685
89991	161796	1	0.730
90142	162068	1	0.755
90294	162342	1	0.760
90441	162599	1	0.735
90587	162869	1	0.730
90729	163125	1	0.710
90880	163396	1	0.755
91027	163661	1	0.735
91177	163931	1	0.750
91334	164214	1	0.785
91490	164494	1	0.780
91640	164764	1	0.750
91784	165024	1	0.720
91926	165279	1	0.710
92066	165531	1	0.700
92209	165789	1	0.715
92363	166066	1	0.770
92512	166334	1	0.745
92661	166602	1	0.745
92812	166874	1	0.755
92962	167144	1	0.750
93106	167403	1	0.720
93256	167673	1	0.750
93407	167938	1	0.755
93562	168217	1	0.775
93725	168510	1	0.815
93892	168813	1	0.835
94052	169101	1	0.800
94205	169374	1	0.765
94361	169655	1	0.780
94516	169934	1	0.775
94679	170227	1	0.815
94842	170521	1	0.815
94966	170744	1	0.620
95163	171099	1	0.985
95329	171397	1	0.830
95485	171678	1	0.780
95634	171946	1	0.745
95788	172224	1	0.770
95946	172508	1	0.790
96109	172801	1	0.815
96271	173093	1	0.810
96429	173377	1	0.790
96583	173655	1	0.770
96737	173932	1	0.770
96887	174202	1	0.750
97040	174477	1	0.765
97198	174762	1	0.790
97357	175048	1	0.795
97524	175350	1	0.835
97682	175635	1	0.790
97832	175910	1	0.750
97981	176173	1	0.745
98137	176454	1	0.780
98288	176731	1	0.755
98442	177008	1	0.770
98594	177282	1	0.760
98746	177555	1	0.760
98898	177829	1	0.760
99045	178093	1	0.735
99187	178349	1	0.710
99332	178610	1	0.725
99479	178875	1	0.735
99632	179150	1	0.765
99782	179420	1	0.750
99934	179694	1	0.760
100081	179958	1	0.735
100223	180214	1	0.710
100369	180477	1	0.730
100514	180738	1	0.725
100658	180997	1	0.720
100809	181269	1	0.755
100969	181557	1	0.800
101128	181843	1	0.795
101280	182116	1	0.760
101430	182386	1	0.750
101580	182656	1	0.750
101732	182930	1	0.760
101889	183213	1	0.785
102053	183501	1	0.820
102222	183805	1	0.845
102385	184098	1	0.815
102545	184386	1	0.800
102705	184676	1	0.800
102863	184960	1	0.790
103018	185239	1	0.775
103183	185542	1	0.825
103360	185860	1	0.885
103532	186163	1	0.860
103693	186453	1	0.805
103854	186742	1	0.805
104014	187030	1	0.800
104173	187317	1	0.795
104332	187603	1	0.795
104496	187898	1	0.820
104667	188206	1	0.855
104834	188510	1	0.835
104991	188796	1	0.785
105146	189072	1	0.775
105306	189360	1	0.800
105469	189649	1	0.815
105638	189954	1	0.845
105804	190252	1	0.830
105972	190555	1	0.840
106134	190848	1	0.810
106296	191140	1	0.810
106453	191422	1	0.785
106608	191701	1	0.775
106776	192004	1	0.840
106945	192308	1	0.845
107108	192601	1	0.815
107268	192888	1	0.800
107426	193172	1	0.790
107579	193447	1	0.765
107735	193728	1	0.780
107897	194022	1	0.810
108056	194308	1	0.795
108219	194599	1	0.815
108383	194895	1	0.820
108542	195184	1	0.795
108692	195454	1	0.750
108845	195730	1	0.765
108999	196007	1	0.770
109161	196299	1	0.810
109322	196588	1	0.805
109482	196873	1	0.800
109640	197157	1	0.790
109797	197442	1	0.785
109947	197712	1	0.750
110094	197976	1	0.735
110247	198252	1	0.765
110402	198531	1	0.775
110562	198819	1	0.800
110720	199103	1	0.790
110874	199380	1	0.770
111022	199647	1	0.740
111175	199922	1	0.765
111323	200188	1	0.740
111475	200462	1	0.760
111631	200741	1	0.780
111785	201018	1	0.770
111940	201297	1	0.775
112091	201569	1	0.755
112237	201832	1	0.730
112382	202093	1	0.725
112533	202365	1	0.755
112686	202640	1	0.765
112842	202921	1	0.780
113001	203207	1	0.795
113161	203495	1	0.800
113312	203767	1	0.755
113467	204046	1	0.775
113622	204325	1	0.775
113775	204600	1	0.765
113930	204879	1	0.775
114099	205183	1	0.845
114266	205484	1	0.835
114421	205763	1	0.775
114576	206042	1	0.775
114727	206314	1	0.755
114882	206600	1	0.775
115036	206870	1	0.770
115194	207154	1	0.790
115356	207446	1	0.810
115525	207750	1	0.845
115680	208029	1	0.775
115832	208303	1	0.760
115982	208573	1	0.750
116135	208848	1	0.765
116289	209133	1	0.770
116451	209424	1	0.810
116613	209716	1	0.810
116774	210006	1	0.805
116931	210288	1	0.785
117085	210565	1	0.770
117238	210841	1	0.765
117392	211118	1	0.770
117547	211397	1	0.775
117708	211687	1	0.805
117873	211984	1	0.825
118027	212261	1	0.770
118179	212535	1	0.760
118332	212810	1	0.765
118488	213084	1	0.780
118637	213359	1	0.745
118793	213640	1	0.780
118953	213928	1	0.800
119112	214207	1	0.795
119269	214497	1	0.785
119421	214770	1	0.760
119569	215037	1	0.740
119723	215314	1	0.770
119879	215595	1	0.780
120039	215875	1	0.800
120201	216167	1	0.810
120362	216457	1	0.805
120517	216736	1	0.775
120672	217015	1	0.775
120827	217294	1	0.775
120982	217573	1	0.775
121136	217850	1	0.770
121301	218147	1	0.825
121466	218444	1	0.825
121624	218728	1	0.790
121774	218998	1	0.750
121926	219272	1	0.760
122083	219555	1	0.785
122241	219839	1	0.790
122399	220123	1	0.790
122562	220417	1	0.815
122729	220725	1	0.835
122887	221009	1	0.790
123040	221284	1	0.765
123193	221553	1	0.765
123347	221830	1	0.770
123501	222114	1	0.770
123664	222408	1	0.815
123826	222699	1	0.810
123984	222984	1	0.790
124138	223261	1	0.770
124293	223534	1	0.775
124446	223810	1	0.765
124592	224073	1	0.730
124749	224355	1	0.785
124912	224649	1	0.815
125075	224942	1	0.815
125231	225223	1	0.780
125384	225498	1	0.765
125535	225770	1	0.755
125691	226056	1	0.780
125842	226323	1	0.755
125997	226602	1	0.775
126157	226888	1	0.800
126314	227170	1	0.785
126471	227453	1	0.785
126623	227728	1	0.760
126775	228002	1	0.760
126921	228263	1	0.730
127076	228542	1	0.775
127237	228832	1	0.805
127397	229120	1	0.800
127553	229401	1	0.780
127711	229685	1	0.790
127864	229960	1	0.765
128019	230241	1	0.775
128169	230511	1	0.750
128323	230788	1	0.770
128488	231085	1	0.825
128654	231384	1	0.830
128810	231665	1	0.780
128963	231940	1	0.765
129117	232218	1	0.770
129266	232486	1	0.745
129418	232765	1	0.760
129576	233049	1	0.790
129734	233334	1	0.790
129894	233622	1	0.800
130053	233908	1	0.795
130206	234183	1	0.765
130353	234433	1	0.735
130502	234716	1	0.745
130655	234981	1	0.765
130816	235270	1	0.805
130981	235564	1	0.825
131138	235846	1	0.785
131293	236140	1	0.775
131450	236422	1	0.785
131603	236683	1	0.765
131748	236959	1	0.725
131903	237238	1	0.775
132064	237513	1	0.805
132224	237801	1	0.800
132383	238087	1	0.795
132535	238361	1	0.760
132684	238629	1	0.745
132836	238903	1	0.760
132987	239175	1	0.755
133141	239452	1	0.770
133299	239736	1	0.790
133454	240015	1	0.775
133604	240285	1	0.750
133756	240559	1	0.760
133906	240829	1	0.750
134047	241083	1	0.705
134188	241336	1	0.705
134338	241606	1	0.750
134487	241875	1	0.745
134630	242132	1	0.715
134774	242391	1	0.720
134918	242650	1	0.720
135056	242899	1	0.690
135196	243151	1	0.700
135338	243406	1	0.710
135480	243662	1	0.710
135627	243927	1	0.735
135784	244209	1	0.785
135934	244479	1	0.750
136083	244747	1	0.745
136225	245003	1	0.710
136371	245266	1	0.730
136520	245534	1	0.745
136673	245809	1	0.765
136825	246083	1	0.760
136984	246369	1	0.795
137149	246666	1	0.825
137308	246952	1	0.795
137456	247219	1	0.740
137605	247487	1	0.745
137756	247759	1	0.755
137910	248036	1	0.770
138066	248317	1	0.780
138226	248605	1	0.800
138388	248896	1	0.810
138544	249177	1	0.780
138696	249451	1	0.760
138848	249724	1	0.760
139005	250007	1	0.785
139163	250291	1	0.790
139322	250578	1	0.795
139488	250876	1	0.830
139656	251179	1	0.840
139812	251460	1	0.780
139962	251730	1	0.750
140119	252018	1	0.785
140281	252309	1	0.810
140447	252608	1	0.830
140604	252891	1	0.785
140766	253182	1	0.810
140932	253481	1	0.830
141090	253765	1	0.790
141239	254034	1	0.745
141390	254305	1	0.755
141558	254608	1	0.840
141729	254916	1	0.855
141884	255195	1	0.775
142041	255477	1	0.785
142200	255763	1	0.795
142359	256050	1	0.795
142509	256320	1	0.750
142662	256595	1	0.765
142822	256883	1	0.800
142988	257182	1	0.830
143144	257463	1	0.780
143294	257733	1	0.750
143437	257990	1	0.715
143581	258249	1	0.720
143721	258501	1	0.700
143865	258760	1	0.720
144014	259029	1	0.745
144167	259304	1	0.765
144312	259565	1	0.725
144462	259835	1	0.750
144609	260100	1	0.735
144752	260357	1	0.715
144892	260609	1	0.700
145040	260875	1	0.740
145196	261156	1	0.780
145354	261441	1	0.790
145506	261714	1	0.760
145660	261991	1	0.770
145812	262265	1	0.760
145965	262540	1	0.765
146116	262812	1	0.755
146268	263086	1	0.760
146428	263374	1	0.800
146589	263664	1	0.805
146751	263955	1	0.810
146910	264241	1	0.795
147066	264522	1	0.780
147218	264796	1	0.760
147379	265086	1	0.805
147541	265377	1	0.810
147707	265676	1	0.830
147871	265971	1	0.820
148032	266261	1	0.805
148194	266553	1	0.810
148353	266839	1	0.795
148510	267121	1	0.785
148664	267399	1	0.770
148833	267703	1	0.845
148999	268002	1	0.830
149156	268284	1	0.785
149313	268567	1	0.785
149468	268846	1	0.775
149623	269125	1	0.775
149780	269407	1	0.785
149939	269694	1	0.795
150100	269983	1	0.805
150265	270280	1	0.825
150428	270574	1	0.815
150578	270844	1	0.750
150730	271117	1	0.760
150884	271395	1	0.770
151042	271688	1	0.790
151207	271985	1	0.825
151369	272277	1	0.810
151529	272565	1	0.800
151699	272871	1	0.850
151857	273155	1	0.790
152008	273427	1	0.755
152164	273708	1	0.780
152326	273999	1	0.810
152491	274296	1	0.825
152656	274584	1	0.825
152818	274885	1	0.810
152973	275164	1	0.775
153124	275436	1	0.755
153273	275704	1	0.745
153427	275981	1	0.770
153586	276267	1	0.795
153742	276548	1	0.780
153902	276836	1	0.800
154068	277135	1	0.830
154227	277421	1	0.795
154372	277682	1	0.725
154524	277956	1	0.760
154684	278244	1	0.800
154854	278550	1	0.850
155019	278847	1	0.825
155177	279131	1	0.790
155335	279406	1	0.790
155442	279599	1	0.535
155632	279941	1	0.950
155794	280233	1	0.810
155962	280535	1	0.840
156131	280839	1	0.845
156295	281134	1	0.820
156456	281424	1	0.805
156612	281714	1	0.780
156764	281988	1	0.760
156918	282265	1	0.770
157074	282546	1	0.780
157234	282834	1	0.800
157398	283129	1	0.820
157561	283422	1	0.815
157717	283703	1	0.780
157869	283977	1	0.760
158020	284248	1	0.755
158173	284524	1	0.765
158332	284810	1	0.795
158496	285105	1	0.820
158657	285395	1	0.805
158818	285685	1	0.805
158976	285969	1	0.790
159128	286243	1	0.760
159281	286518	1	0.765
159435	286795	1	0.770
159595	287083	1	0.800
159763	287386	1	0.840
159931	287688	1	0.840
160091	287976	1	0.800
160247	288257	1	0.780
160404	288540	1	0.785
160563	288819	1	0.795
160720	289108	1	0.785
160885	289405	1	0.825
161048	289699	1	0.815
161217	290003	1	0.845
161376	290289	1	0.795
161532	290568	1	0.780
161685	290844	1	0.765
161851	291142	1	0.830
162016	291438	1	0.825
162176	291726	1	0.800
162339	292019	1	0.815
162501	292307	1	0.810
162659	292599	1	0.790
162814	292878	1	0.775
162968	293155	1	0.770
163129	293445	1	0.805
163296	293745	1	0.835
163462	294039	1	0.830
163620	294323	1	0.790
163779	294615	1	0.795
163932	294890	1	0.765
164091	295176	1	0.795
164246	295455	1	0.775
164410	295750	1	0.820
164574	296046	1	0.820
164744	296352	1	0.850
164906	296643	1	0.810
165061	296922	1	0.775
165216	297201	1	0.775
165372	297482	1	0.780
165532	297763	1	0.800
165696	298058	1	0.820
165864	298360	1	0.840
166026	298652	1	0.810
166189	298953	1	0.815
166348	299239	1	0.795
166502	299516	1	0.770
166653	299788	1	0.755
166818	300085	1	0.825
166989	300384	1	0.855
167157	300695	1	0.840
167311	300972	1	0.770
167461	301242	1	0.750
167619	301527	1	0.790
167779	301815	1	0.800
167936	302097	1	0.785
168093	302380	1	0.785
168258	302677	1	0.825
168427	302981	1	0.845
168589	303273	1	0.810
168735	303535	1	0.730
168885	303805	1	0.750
169047	304097	1	0.810
169212	304394	1	0.825
169366	304671	1	0.770
169524	304956	1	0.790
169684	305244	1	0.800
169843	305530	1	0.795
169960	305740	1	0.585
170142	306068	1	0.910
170309	306369	1	0.835
170478	306666	1	0.845
170647	306970	1	0.845
170808	307260	1	0.805
170963	307539	1	0.775
171091	307769	1	0.640
171268	308088	1	0.885
171427	308374	1	0.795
171581	308651	1	0.770
171740	308937	1	0.795
171910	309250	1	0.850
172076	309549	1	0.830
172222	309812	1	0.730
172373	310084	1	0.755
172529	310365	1	0.780
172693	310654	1	0.820
172852	310941	1	0.795
173011	311232	1	0.795
173172	311522	1	0.805
173335	311815	1	0.815
173490	312094	1	0.775
173638	312361	1	0.740
173792	312638	1	0.770
173915	312859	1	0.615
174119	313227	1	1.020
174294	313542	1	0.875
174460	313833	1	0.830
174617	314116	1	0.785
174774	314398	1	0.785
174936	314697	1	0.810
175096	314985	1	0.800
175258	315277	1	0.810
175423	315574	1	0.825
175591	315876	1	0.840
175753	316168	1	0.810
175908	316447	1	0.775
176063	316726	1	0.775
176223	317014	1	0.800
176381	317298	1	0.790
176545	317584	1	0.820
176669	317808	1	0.620
176870	318169	1	1.005
177032	318461	1	0.810
177194	318753	1	0.810
177351	319044	1	0.785
177468	319255	1	0.585
177671	319620	1	1.015
177847	319937	1	0.880
178014	320238	1	0.835
178174	320526	1	0.800
178337	320819	1	0.815
178496	321105	1	0.795
178662	321404	1	0.830
178824	321687	1	0.810
178993	321991	1	0.845
179164	322299	1	0.855
179329	322596	1	0.825
179487	322880	1	0.790
179644	323163	1	0.785
179803	323449	1	0.795
179972	323753	1	0.845
180147	324068	1	0.875
180312	324365	1	0.825
180478	324664	1	0.830
180639	324954	1	0.805
180797	325238	1	0.790
180953	325519	1	0.780
181112	325805	1	0.795
181283	326113	1	0.855
181454	326421	1	0.855
181621	326721	1	0.835
181782	327011	1	0.805
181942	327299	1	0.800
182103	327589	1	0.805
182266	327882	1	0.815
182427	328172	1	0.805
182596	328476	1	0.845
182763	328777	1	0.835
182932	329081	1	0.845
183088	329362	1	0.780
183244	329643	1	0.780
183407	329936	1	0.815
183576	330240	1	0.845
183747	330548	1	0.855
183911	330843	1	0.820
184080	331147	1	0.845
184239	331434	1	0.795
184402	331727	1	0.815
184561	332013	1	0.795
184722	332303	1	0.805
184893	332611	1	0.855
185065	332920	1	0.860
185233	333223	1	0.840
185388	333502	1	0.775
185549	333792	1	0.805
185709	334080	1	0.800
185871	334371	1	0.810
186035	334666	1	0.820
186202	334967	1	0.835
186371	335271	1	0.845
186535	335566	1	0.820
186691	335847	1	0.780
186844	336123	1	0.765
187003	336409	1	0.795
187166	336702	1	0.815
187333	337003	1	0.835
187501	337305	1	0.840
187662	337595	1	0.805
187824	337887	1	0.810
187981	338178	1	0.785
188140	338464	1	0.795
188301	338745	1	0.805
188469	339048	1	0.840
188637	339350	1	0.840
188808	339658	1	0.855
188970	339955	1	0.810
189125	340234	1	0.775
189285	340525	1	0.800
189444	340812	1	0.795
189608	341098	1	0.820
189777	341402	1	0.845
189947	341708	1	0.850
190108	341998	1	0.805
190270	342289	1	0.810
190426	342579	1	0.780
190579	342855	1	0.765
190742	343139	1	0.815
190906	343434	1	0.820
191070	343729	1	0.820
191231	344019	1	0.805
191389	344305	1	0.790
191542	344588	1	0.765
191702	344869	1	0.800
191861	345162	1	0.795
192020	345439	1	0.795
192191	345747	1	0.855
192354	346041	1	0.815
192516	346332	1	0.810
192676	346620	1	0.800
192791	346827	1	0.575
192982	347171	1	0.955
193152	347477	1	0.850
193322	347783	1	0.850
193490	348085	1	0.840
193660	348391	1	0.850
193821	348681	1	0.805
193975	348958	1	0.770
194133	349243	1	0.790
194291	349527	1	0.790
194458	349828	1	0.835
194629	350136	1	0.855
194794	350433	1	0.825
194951	350715	1	0.785
195111	351005	1	0.800
195270	351298	1	0.795
195389	351513	1	0.595
195578	351853	1	0.945
195742	352141	1	0.820
195909	352441	1	0.835
196072	352735	1	0.815
196226	353012	1	0.770
196376	353286	1	0.750
196538	353577	1	0.810
196696	353865	1	0.790
196860	354160	1	0.820
197026	354459	1	0.830
197187	354749	1	0.805
197353	355048	1	0.830
197512	355334	1	0.795
197666	355608	1	0.770
197821	355887	1	0.775
197992	356194	1	0.855
198157	356491	1	0.825
198321	356787	1	0.820
198481	357078	1	0.800
198638	357361	1	0.785
198795	357643	1	0.785
198956	357930	1	0.805
199114	358214	1	0.790
199279	358511	1	0.825
199449	358817	1	0.850
199615	359119	1	0.830
199769	359389	1	0.770
199919	359667	1	0.750
200068	359935	1	0.745
200223	360207	1	0.775
200384	360496	1	0.805
200546	360788	1	0.810
200706	361076	1	0.800
200869	361369	1	0.815
201026	361652	1	0.785
201175	361927	1	0.745
201324	362196	1	0.745
201484	362484	1	0.800
201640	362764	1	0.780
201804	363060	1	0.820
201966	363351	1	0.810
202126	363639	1	0.800
202277	363911	1	0.755
202432	364190	1	0.775
202592	364478	1	0.800
202750	364762	1	0.790
202912	365054	1	0.810
203084	365355	1	0.860
203256	365673	1	0.860
203408	365947	1	0.760
203562	366224	1	0.770
203724	366514	1	0.810
203888	366809	1	0.820
204046	367095	1	0.790
204213	367396	1	0.835
204386	367707	1	0.865
204544	367992	1	0.790
204704	368280	1	0.800
204862	368564	1	0.790
205025	368857	1	0.815
205183	369142	1	0.790
205350	369433	1	0.835
205519	369738	1	0.845
205684	370044	1	0.825
205833	370312	1	0.745
205987	370589	1	0.770
206146	370875	1	0.795
206306	371163	1	0.800
206459	371439	1	0.765
206624	371736	1	0.825
206793	372040	1	0.845
206956	372333	1	0.815
207098	372589	1	0.710
207252	372866	1	0.770
207413	373156	1	0.805
207582	373460	1	0.845
207740	373744	1	0.790
207900	374023	1	0.800
208069	374328	1	0.845
208230	374626	1	0.805
208375	374887	1	0.725
208525	375157	1	0.750
208685	375445	1	0.800
208853	375748	1	0.840
209010	376030	1	0.785
209171	376320	1	0.805
209331	376608	1	0.800
209490	376894	1	0.795
209611	377112	1	0.605
209791	377431	1	0.900
209956	377728	1	0.825
210125	378032	1	0.845
210294	378336	1	0.845
210460	378637	1	0.830
210615	378916	1	0.775
210766	379191	1	0.755
210922	379472	1	0.780
211084	379756	1	0.810
211246	380055	1	0.810
211407	380345	1	0.805
211572	380635	1	0.825
211732	380923	1	0.800
211885	381200	1	0.765
212040	381484	1	0.775
212192	381758	1	0.760
212353	382048	1	0.805
212516	382341	1	0.815
212682	382640	1	0.830
212842	382928	1	0.800
213002	383216	1	0.800
213154	383490	1	0.760
213313	383776	1	0.795
213471	384060	1	0.790
213632	384350	1	0.805
213797	384647	1	0.825
213964	384948	1	0.835
214125	385230	1	0.805
214282	385520	1	0.785
214438	385801	1	0.780
214595	386083	1	0.785
214761	386382	1	0.830
214927	386681	1	0.830
215090	386967	1	0.815
215256	387264	1	0.830
215418	387565	1	0.810
215573	387842	1	0.775
215725	388116	1	0.760
215885	388404	1	0.800
216051	388704	1	0.830
216222	389003	1	0.855
216387	389309	1	0.825
216546	389595	1	0.795
216711	389883	1	0.825
216872	390173	1	0.805
217030	390457	1	0.790
217195	390754	1	0.825
217366	391062	1	0.855
217536	391368	1	0.850
217701	391665	1	0.825
217858	391948	1	0.785
218013	392227	1	0.775
218174	392517	1	0.805
218334	392805	1	0.800
218498	393100	1	0.820
218665	393400	1	0.835
218830	393697	1	0.825
218987	393980	1	0.785
219146	394266	1	0.795
219300	394552	1	0.770
219456	394833	1	0.780
219620	395128	1	0.820
219790	395434	1	0.850
219954	395721	1	0.820
220116	396012	1	0.810
220271	396300	1	0.775
220429	396576	1	0.790
220592	396869	1	0.815
220752	397157	1	0.800
220864	397359	1	0.560
221069	397728	1	1.025
221237	398030	1	0.840
221397	398318	1	0.800
221549	398592	1	0.760
221707	398876	1	0.790
221866	399162	1	0.795
222031	399459	1	0.825
222195	399754	1	0.820
222357	400046	1	0.810
222524	400347	1	0.835
222677	400622	1	0.765
222832	400910	1	0.775
222991	401196	1	0.795
223152	401477	1	0.805
223321	401781	1	0.845
223489	402084	1	0.840
223656	402384	1	0.835
223815	402670	1	0.795
223974	402957	1	0.795
224131	403243	1	0.785
224294	403536	1	0.815
224458	403828	1	0.820
224623	404125	1	0.825
224791	404427	1	0.840
224954	404721	1	0.815
225111	405012	1	0.785
225264	405288	1	0.765
225424	405576	1	0.800
225587	405862	1	0.815
225750	406153	1	0.815
225914	406449	1	0.820
226076	406740	1	0.810
226236	407028	1	0.800
226393	407311	1	0.785
226544	407584	1	0.755
226705	407881	1	0.805
226873	408175	1	0.840
227040	408475	1	0.835
227203	408769	1	0.815
227361	409062	1	0.790
227519	409341	1	0.790
227676	409624	1	0.785
227834	409905	1	0.790
227998	410200	1	0.820
228165	410500	1	0.835
228334	410805	1	0.845
228495	411094	1	0.805
228652	411386	1	0.785
228807	411660	1	0.775
228964	411939	1	0.785
229126	412230	1	0.810
229296	412536	1	0.850
229465	412840	1	0.845
229627	413132	1	0.810
229790	413425	1	0.815
229951	413724	1	0.805
230105	414001	1	0.770
230261	414282	1	0.780
230423	414574	1	0.810
230593	414880	1	0.850
230757	415166	1	0.820
230917	415463	1	0.800
231068	415735	1	0.755
231230	416026	1	0.810
231387	416309	1	0.785
231542	416588	1	0.775
231706	416883	1	0.820
231873	417184	1	0.835
232036	417468	1	0.815
232194	417762	1	0.790
232348	418039	1	0.770
232502	418316	1	0.770
232665	418609	1	0.815
232826	418899	1	0.805
232987	419189	1	0.805
233152	419479	1	0.825
233313	419769	1	0.805
233467	420046	1	0.770
233623	420327	1	0.780
233780	420609	1	0.785
233941	420906	1	0.805
234107	421203	1	0.830
234274	421497	1	0.835
234437	421790	1	0.815
234563	422017	1	0.630
234745	422344	1	0.910
234902	422629	1	0.785
235021	422843	1	0.595
235213	423194	1	0.960
235379	423493	1	0.830
235548	423792	1	0.845
235713	424089	1	0.825
235866	424371	1	0.765
236020	424645	1	0.770
236174	424926	1	0.770
236338	425215	1	0.820
236507	425520	1	0.845
236671	425815	1	0.820
236832	426105	1	0.805
237000	426407	1	0.840
237156	426688	1	0.780
237310	426965	1	0.770
237469	427249	1	0.795
237635	427548	1	0.830
237804	427852	1	0.845
237971	428155	1	0.835
238129	428437	1	0.790
238288	428722	1	0.795
238451	429021	1	0.815
238609	429305	1	0.790
238766	429588	1	0.785
238937	429890	1	0.855
239103	430189	1	0.830
239272	430493	1	0.845
239430	430777	1	0.790
239586	431067	1	0.780
239742	431339	1	0.780
239908	431638	1	0.830
240072	431933	1	0.820
240238	432232	1	0.830
240405	432532	1	0.835
240566	432822	1	0.805
240723	433105	1	0.785
240880	433396	1	0.785
241038	433672	1	0.790
241145	433864	1	0.535
241351	434235	1	1.030
241518	434536	1	0.835
241684	434835	1	0.830
241842	435119	1	0.790
241995	435394	1	0.765
242155	435682	1	0.800
242317	435974	1	0.810
242428	436174	1	0.555
242629	436536	1	1.005
242800	436843	1	0.855
242966	437142	1	0.830
243122	437423	1	0.780
243279	437706	1	0.785
243437	437990	1	0.790
243604	438291	1	0.835
243773	438595	1	0.845
243936	438888	1	0.815
244099	439182	1	0.815
244263	439477	1	0.820
244422	439763	1	0.795
244579	440046	1	0.785
244741	440337	1	0.810
244912	440645	1	0.855
245085	440956	1	0.865
245250	441253	1	0.825
245410	441541	1	0.800
245575	441838	1	0.825
245738	442132	1	0.815
245903	442434	1	0.825
246024	442652	1	0.605
246229	443021	1	1.025
246402	443332	1	0.865
246570	443635	1	0.840
246727	443917	1	0.785
246886	444204	1	0.795
247052	444502	1	0.830
247181	444729	1	0.645
247378	445084	1	0.985
247546	445386	1	0.840
247710	445681	1	0.820
247871	445971	1	0.805
248026	446259	1	0.775
248182	446540	1	0.780
248344	446826	1	0.810
248514	447129	1	0.850
248679	447426	1	0.825
248842	447719	1	0.815
249000	448012	1	0.790
249157	448295	1	0.785
249316	448581	1	0.795
249475	448867	1	0.795
249643	449170	1	0.840
249812	449474	1	0.845
249982	449771	1	0.850
250143	450061	1	0.805
250303	450358	1	0.800
250459	450639	1	0.780
250620	450928	1	0.805
250785	451216	1	0.825
250956	451524	1	0.855
251126	451830	1	0.850
251289	452124	1	0.815
251450	452413	1	0.805
251610	452710	1	0.800
251766	452991	1	0.780
251928	453274	1	0.810
252092	453569	1	0.820
252262	453875	1	0.850
252430	454177	1	0.840
252591	454467	1	0.805
252706	454674	1	0.575
252898	455020	1	0.960
253063	455317	1	0.825
253226	455610	1	0.815
253393	455911	1	0.835
253561	456213	1	0.840
253726	456510	1	0.825
253884	456795	1	0.790
254037	457070	1	0.765
254196	457356	1	0.795
254364	457659	1	0.840
254532	457961	1	0.840
254660	458191	1	0.640
254857	458546	1	0.985
255020	458839	1	0.815
255179	459126	1	0.795
255334	459405	1	0.775
255491	459687	1	0.785
255659	459990	1	0.840
255831	460299	1	0.860
255996	460596	1	0.825
256154	460881	1	0.790
256316	461172	1	0.810
256474	461466	1	0.790
256634	461754	1	0.800
256797	462047	1	0.815
256964	462339	1	0.835
257134	462645	1	0.850
257299	462942	1	0.825
257454	463222	1	0.775
257612	463514	1	0.790
257769	463797	1	0.785
257927	464081	1	0.790
258101	464385	1	0.870
258270	464689	1	0.845
258433	464983	1	0.815
258598	465280	1	0.825
258755	465571	1	0.785
258911	465852	1	0.780
259069	466128	1	0.790
259236	466428	1	0.835
259404	466731	1	0.840
259572	467033	1	0.840
259737	467330	1	0.825
259894	467613	1	0.785
260055	467902	1	0.805
260214	468189	1	0.795
260377	468482	1	0.815
260546	468786	1	0.845
260714	469089	1	0.840
260879	469386	1	0.825
261045	469684	1	0.830
261201	469965	1	0.780
261361	470253	1	0.800
261528	470554	1	0.835
261698	470860	1	0.850
261866	471162	1	0.840
262036	471468	1	0.850
262193	471751	1	0.785
262355	472042	1	0.810
262513	472327	1	0.790
262672	472613	1	0.795
262837	472910	1	0.825
263012	473225	1	0.875
263177	473522	1	0.825
263340	473815	1	0.815
263496	474096	1	0.780
263657	474386	1	0.805
263818	474676	1	0.805
263980	474967	1	0.810
264143	475261	1	0.815
264316	475572	1	0.865
264484	475875	1	0.840
264642	476159	1	0.790
264798	476440	1	0.780
264959	476730	1	0.805
265122	477023	1	0.815
265293	477331	1	0.855
265458	477628	1	0.825
265621	477921	1	0.815
265786	478218	1	0.825
265945	478504	1	0.795
266098	478789	1	0.765
266256	479073	1	0.790
266417	479354	1	0.805
266585	479656	1	0.840
266751	479955	1	0.830
266910	480243	1	0.795
267063	480519	1	0.765
267222	480812	1	0.795
267376	481089	1	0.770
267534	481374	1	0.790
267701	481667	1	0.835
267867	481964	1	0.830
268033	482263	1	0.830
268192	482551	1	0.795
268345	482826	1	0.765
268495	483096	1	0.750
268650	483375	1	0.775
268808	483660	1	0.790
268973	483957	1	0.825
269134	484246	1	0.805
269293	484540	1	0.795
269447	484817	1	0.770
269607	485105	1	0.800
269763	485379	1	0.780
269922	485672	1	0.795
270089	485965	1	0.835
270263	486279	1	0.870
270431	486581	1	0.840
270591	486869	1	0.800
270749	487153	1	0.790
270913	487449	1	0.820
271077	487742	1	0.820
271244	488043	1	0.835
271411	488343	1	0.835
271586	488658	1	0.875
271751	488955	1	0.825
271908	489238	1	0.785
272065	489520	1	0.785
272227	489812	1	0.810
272395	490114	1	0.840
272563	490417	1	0.840
272731	490719	1	0.840
272897	491018	1	0.830
273059	491310	1	0.810
273217	491594	1	0.790
273372	491873	1	0.775
273536	492168	1	0.820
273702	492467	1	0.830
273872	492773	1	0.850
274037	493070	1	0.825
274200	493363	1	0.815
274357	493646	1	0.785
274519	493938	1	0.810
274677	494222	1	0.790
274840	494515	1	0.815
275006	494820	1	0.830
275170	495115	1	0.820
275328	495399	1	0.790
275483	495678	1	0.775
275636	495954	1	0.765
275790	496234	1	0.770
275955	496524	1	0.825
276074	496738	1	0.595
276275	497107	1	1.005
276442	497408	1	0.835
276602	497696	1	0.800
276758	497977	1	0.780
276917	498263	1	0.795
277076	498549	1	0.795
277240	498844	1	0.820
277408	499147	1	0.840
277576	499449	1	0.840
277734	499734	1	0.790
277893	500020	1	0.795
278049	500301	1	0.780
278205	500581	1	0.780
278371	500875	1	0.830
278536	501177	1	0.825
278704	501471	1	0.840
278870	501769	1	0.830
279033	502072	1	0.815
279187	502349	1	0.770
279345	502633	1	0.790
279505	502921	1	0.800
279673	503224	1	0.840
279842	503528	1	0.845
280007	503825	1	0.825
280167	504113	1	0.800
280330	504406	1	0.815
280486	504687	1	0.780
280642	504968	1	0.780
280804	505260	1	0.810
280971	505560	1	0.835
281139	505863	1	0.840
281303	506158	1	0.820
281454	506430	1	0.755
281611	506712	1	0.785
281772	507002	1	0.805
281931	507288	1	0.795
282096	507576	1	0.825
282264	507879	1	0.840
282433	508183	1	0.845
282597	508478	1	0.820
282758	508768	1	0.805
282911	509043	1	0.765
283077	509342	1	0.830
283247	509648	1	0.850
283413	509947	1	0.830
283578	510244	1	0.825
283744	510543	1	0.830
283902	510827	1	0.790
284063	511117	1	0.805
284217	511403	1	0.770
284377	511682	1	0.800
284551	511995	1	0.870
284721	512301	1	0.850
284882	512591	1	0.805
285039	512874	1	0.785
285197	513158	1	0.790
285358	513448	1	0.805
285522	513743	1	0.820
285686	514038	1	0.820
285855	514342	1	0.845
286027	514652	1	0.860
286188	514942	1	0.805
286342	515228	1	0.770
286498	515509	1	0.780
286656	515793	1	0.790
286825	516088	1	0.845
286995	516394	1	0.850
287160	516691	1	0.825
287328	516994	1	0.840
287492	517289	1	0.820
287652	517577	1	0.800
287807	517865	1	0.775
287971	518151	1	0.820
288137	518450	1	0.830
288308	518758	1	0.855
288472	519053	1	0.820
288626	519334	1	0.770
288786	519618	1	0.800
288946	519915	1	0.800
289094	520173	1	0.740
289268	520486	1	0.870
289438	520795	1	0.850
289556	521013	1	0.590
289757	521375	1	1.005
289915	521659	1	0.790
290074	521942	1	0.795
290238	522234	1	0.820
290406	522543	1	0.840
290576	522849	1	0.850
290742	523148	1	0.830
290909	523449	1	0.835
291071	523740	1	0.810
291233	524032	1	0.810
291389	524311	1	0.780
291554	524602	1	0.825
291728	524916	1	0.870
291899	525223	1	0.855
292062	525524	1	0.815
292222	525805	1	0.800
292380	526089	1	0.790
292542	526379	1	0.810
292703	526669	1	0.805
292867	526964	1	0.820
293036	527268	1	0.845
293205	527572	1	0.845
293366	527862	1	0.805
293521	528141	1	0.775
293679	528426	1	0.790
293838	528712	1	0.795
294006	529014	1	0.840
294174	529317	1	0.840
294344	529623	1	0.850
294509	529920	1	0.825
294672	530213	1	0.815
294829	530496	1	0.785
294991	530787	1	0.810
295154	531081	1	0.815
295321	531381	1	0.835
295493	531691	1	0.860
295660	531991	1	0.835
295821	532281	1	0.805
295980	532567	1	0.795
296138	532861	1	0.790
296301	533154	1	0.815
296464	533448	1	0.815
296633	533745	1	0.845
296797	534042	1	0.820
296960	534340	1	0.815
297118	534625	1	0.790
297274	534906	1	0.780
297434	535185	1	0.800
297600	535483	1	0.830
297771	535791	1	0.855
297937	536090	1	0.830
298102	536387	1	0.825
298258	536677	1	0.780
298417	536963	1	0.795
298573	537244	1	0.780
298736	537528	1	0.815
298906	537834	1	0.850
299076	538140	1	0.850
299245	538444	1	0.845
299404	538731	1	0.795
299563	539017	1	0.795
299721	539301	1	0.790
299886	539598	1	0.825
300052	539897	1	0.830
300217	540194	1	0.825
300384	540495	1	0.835
300549	540792	1	0.825
300706	541074	1	0.785
300863	541357	1	0.785
301020	541639	1	0.785
301187	541940	1	0.835
301359	542250	1	0.860
301528	542554	1	0.845
301692	542849	1	0.820
301853	543139	1	0.805
302015	543430	1	0.810
302171	543711	1	0.780
302335	544006	1	0.820
302503	544309	1	0.840
302672	544613	1	0.845
302842	544919	1	0.850
303001	545205	1	0.795
303153	545479	1	0.760
303312	545767	1	0.795
303468	546048	1	0.780
303626	546339	1	0.790
303789	546633	1	0.815
303897	546827	1	0.540
304122	547232	1	1.125
304279	547515	1	0.785
304432	547790	1	0.765
304585	548065	1	0.765
304752	548366	1	0.835
304918	548656	1	0.830
305081	548949	1	0.815
305243	549250	1	0.810
305401	549534	1	0.790
305558	549817	1	0.785
305717	550103	1	0.795
305871	550380	1	0.770
306034	550674	1	0.815
306207	550985	1	0.865
306374	551286	1	0.835
306529	551565	1	0.775
306686	551847	1	0.785
306842	552128	1	0.780
307003	552418	1	0.805
307167	552704	1	0.820
307330	552997	1	0.815
307501	553305	1	0.855
307671	553611	1	0.850
307831	553899	1	0.800
307986	554187	1	0.775
308144	554472	1	0.790
308302	554747	1	0.790
308471	555051	1	0.845
308636	555348	1	0.825
308796	555636	1	0.800
308963	555937	1	0.835
309124	556227	1	0.805
309281	556509	1	0.785
309436	556788	1	0.775
309598	557080	1	0.810
309767	557384	1	0.845
309938	557692	1	0.855
310101	557985	1	0.815
310255	558262	1	0.770
310416	558561	1	0.805
310574	558846	1	0.790
310735	559126	1	0.805
310898	559420	1	0.815
311064	559719	1	0.830
311232	560021	1	0.840
311398	560320	1	0.830
311553	560599	1	0.775
311704	560874	1	0.755
311867	561164	1	0.815
312031	561459	1	0.820
312196	561756	1	0.825
312355	562042	1	0.795
312516	562332	1	0.805
312673	562615	1	0.785
312796	562836	1	0.615
312979	563166	1	0.915
313135	563446	1	0.780
313306	563754	1	0.855
313472	564053	1	0.830
313633	564343	1	0.805
313790	564625	1	0.785
313946	564908	1	0.780
314102	565196	1	0.780
314263	565486	1	0.805
314423	565774	1	0.800
314589	566069	1	0.830
314711	566292	1	0.610
314909	566643	1	0.990
315066	566926	1	0.785
315225	567217	1	0.795
315333	567412	1	0.540
315523	567745	1	0.950
315692	568049	1	0.845
315859	568350	1	0.835
316025	568648	1	0.830
316189	568944	1	0.820
316347	569228	1	0.790
316501	569514	1	0.770
316657	569795	1	0.780
316821	570081	1	0.820
316992	570389	1	0.855
317160	570691	1	0.840
317321	570981	1	0.805
317481	571269	1	0.800
317644	571563	1	0.815
317806	571854	1	0.810
317968	572146	1	0.810
318138	572452	1	0.850
318306	572754	1	0.840
318478	573064	1	0.860
318637	573350	1	0.795
318793	573631	1	0.780
318952	573917	1	0.795
319118	574216	1	0.830
319250	574453	1	0.660
319448	574810	1	0.990
319620	575119	1	0.860
319781	575409	1	0.805
319943	575701	1	0.810
320099	575982	1	0.780
320260	576271	1	0.805
320428	576574	1	0.840
320601	576885	1	0.865
320768	577186	1	0.835
320931	577479	1	0.815
321089	577764	1	0.790
321247	578048	1	0.790
321406	578334	1	0.795
321567	578624	1	0.805
321734	578925	1	0.835
321902	579227	1	0.840
322038	579472	1	0.680
322228	579814	1	0.950
322386	580100	1	0.790
322543	580383	1	0.785
322704	580680	1	0.805
322871	580971	1	0.835
323037	581270	1	0.830
323202	581567	1	0.825
323363	581857	1	0.805
323522	582143	1	0.795
323675	582422	1	0.765
323827	582692	1	0.760
323967	582944	1	0.700
324143	583261	1	0.880
324310	583561	1	0.835
324467	583844	1	0.785
324620	584119	1	0.765
324768	584386	1	0.740
324919	584658	1	0.755
325068	584926	1	0.745
325219	585207	1	0.755
325375	585487	1	0.780
325528	585763	1	0.765
325684	586044	1	0.780
325831	586308	1	0.735
325969	586557	1	0.690
326106	586803	1	0.685
326250	587062	1	0.720
326399	587331	1	0.745
326551	587604	1	0.760
326701	587874	1	0.750
326852	588146	1	0.755
326998	588409	1	0.730
327147	588677	1	0.745
327292	588938	1	0.725
327443	589210	1	0.755
327596	589485	1	0.765
327759	589779	1	0.815
327922	590072	1	0.815
328076	590349	1	0.770
328226	590619	1	0.750
328380	590896	1	0.770
328535	591175	1	0.775
328687	591449	1	0.760
328848	591739	1	0.805
329011	592032	1	0.815
329171	592320	1	0.800
329328	592603	1	0.785
329485	592885	1	0.785
329604	593100	1	0.595
329782	593420	1	0.890
329946	593715	1	0.820
330117	594023	1	0.855
330278	594313	1	0.805
330435	594595	1	0.785
330597	594887	1	0.810
330748	595159	1	0.755
330901	595434	1	0.765
331061	595722	1	0.800
331229	596025	1	0.840
331388	596311	1	0.795
331557	596615	1	0.845
331722	596912	1	0.825
331864	597168	1	0.710
332012	597434	1	0.740
332161	597702	1	0.745
332303	597958	1	0.710
332448	598219	1	0.725
332599	598491	1	0.755
332741	598746	1	0.710
332883	599002	1	0.710
333023	599245	1	0.700
333161	599493	1	0.690
333291	599727	1	0.650
333430	599977	1	0.695
333575	600247	1	0.725
333724	600507	1	0.745
333866	600771	1	0.710
334017	601043	1	0.755
334163	601306	1	0.730
334309	601569	1	0.730
334455	601831	1	0.730
334602	602096	1	0.735
334750	602362	1	0.740
334906	602643	1	0.780
335063	602926	1	0.785
335221	603210	1	0.790
335375	603487	1	0.770
335523	603754	1	0.740
335672	604022	1	0.745
335831	604308	1	0.795
335991	604596	1	0.800
336147	604877	1	0.780
336316	605181	1	0.845
336488	605491	1	0.860
336642	605768	1	0.770
336793	606040	1	0.755
336952	606326	1	0.795
337116	606621	1	0.820
337278	606913	1	0.810
337444	607212	1	0.830
337608	607507	1	0.820
337771	607800	1	0.815
337924	608076	1	0.765
338071	608340	1	0.735
338220	608608	1	0.745
338375	608887	1	0.775
338531	609168	1	0.780
338692	609458	1	0.805
338853	609748	1	0.805
339004	610020	1	0.755
339157	610295	1	0.765
339313	610576	1	0.780
339469	610857	1	0.780
339627	611141	1	0.790
339789	611433	1	0.810
339953	611728	1	0.820
340115	612019	1	0.810
340268	612295	1	0.765
340422	612572	1	0.770
340577	612851	1	0.775
340738	613141	1	0.805
340900	613432	1	0.810
341063	613726	1	0.815
341225	614017	1	0.810
341377	614291	1	0.760
341533	614572	1	0.780
341687	614849	1	0.770
341838	615121	1	0.755
341995	615403	1	0.785
342165	615709	1	0.850
342327	616001	1	0.810
342483	616282	1	0.780
342637	616559	1	0.770
342791	616836	1	0.770
342948	617119	1	0.785
343104	617400	1	0.780
343264	617688	1	0.800
343427	617981	1	0.815
343593	618280	1	0.830
343749	618561	1	0.780
343902	618836	1	0.765
344056	619113	1	0.770
344212	619394	1	0.780
344374	619686	1	0.810
344540	619984	1	0.830
344706	620283	1	0.830
344867	620573	1	0.805
345026	620859	1	0.795
345179	621135	1	0.765
345333	621412	1	0.770
345489	621693	1	0.780
345647	621977	1	0.790
345815	622279	1	0.840
345978	622573	1	0.815
346135	622855	1	0.785
346283	623122	1	0.740
346437	623399	1	0.770
346588	623671	1	0.755
346743	623950	1	0.775
346895	624223	1	0.760
347056	624513	1	0.805
347214	624798	1	0.790
347372	625082	1	0.790
347516	625341	1	0.720
347666	625611	1	0.750
347819	625887	1	0.765
347977	626171	1	0.790
348137	626459	1	0.800
348297	626747	1	0.800
348456	627033	1	0.795
348612	627314	1	0.780
348764	627588	1	0.760
348915	627859	1	0.755
349068	628135	1	0.765
349229	628425	1	0.805
349394	628722	1	0.825
349556	629013	1	0.810
349662	629195	1	0.530
349842	629528	1	0.900
349989	629793	1	0.735
350138	630061	1	0.745
350283	630322	1	0.725
350434	630594	1	0.755
350587	630869	1	0.765
350739	631143	1	0.760
350887	631409	1	0.740
351031	631668	1	0.720
351177	631931	1	0.730
351321	632190	1	0.720
351463	632446	1	0.710
351615	632719	1	0.760
351766	632991	1	0.755
351916	633261	1	0.750
352066	633531	1	0.750
352216	633801	1	0.750
352360	634060	1	0.720
352502	634316	1	0.710
352648	634579	1	0.730
352803	634858	1	0.775
352959	635139	1	0.780
353119	635427	1	0.800
353281	635718	1	0.810
353437	635999	1	0.780
353588	636271	1	0.755
353744	636552	1	0.780
353907	636845	1	0.815
354070	637138	1	0.815
354233	637432	1	0.815
354402	637736	1	0.845
354565	638029	1	0.815
354724	638316	1	0.795
354878	638593	1	0.770
355037	638879	1	0.795
355200	639172	1	0.815
355370	639469	1	0.850
355536	639768	1	0.830
355700	640063	1	0.820
355861	640353	1	0.805
356019	640638	1	0.790
356178	640933	1	0.795
356332	641201	1	0.770
356500	641503	1	0.840
356665	641800	1	0.825
356825	642088	1	0.800
356976	642369	1	0.755
357130	642646	1	0.770
357282	642920	1	0.760
357436	643197	1	0.770
357588	643471	1	0.760
357746	643755	1	0.790
357903	644038	1	0.785
358059	644311	1	0.780
358205	644581	1	0.730
358348	644839	1	0.715
358491	645089	1	0.715
358634	645346	1	0.715
358778	645606	1	0.720
358935	645895	1	0.785
359084	646164	1	0.745
359230	646426	1	0.730
359377	646691	1	0.735
359521	646950	1	0.720
359660	647200	1	0.695
359797	647447	1	0.685
359940	647704	1	0.715
360086	647967	1	0.730
360236	648237	1	0.750
360387	648509	1	0.755
360529	648765	1	0.710
360666	649011	1	0.685
360806	649254	1	0.700
360947	649508	1	0.705
361085	649756	1	0.690
